70 107
32 38 53 54 68
52 11 56
14 25 39 53 12 30 50
7 28 15
62 8
24 64 10 25
4 14 15 19 28 30
5 62
41 39
6 64
2 56 52 57
3 50 52 57 68

3 7 19 28 30 39
7 4 28
31 56


7 14 28 30 50

27


6 55 64
3 6 64 26 38 39
47 25 34 35 49 59 70 58
53 21 35 39 69
4 7 14 15 19 54 30

7 14 19 28 3 39 43
16 56
1 45

26 59 70 47 35 37 45 49
26 27 34 47 49 59 70 58

34 56
63 1 25
3 30 53 56 9 14 25 27

9

30
52
32 34 53

26 34 35 59 70 49

26 34 35 47 59 70
12 19 3

2 12 44 11 56
3 27 39 1 45 58 61
28 1 56
57 68 24
11 16 39 52 54 2 31 37 66
12 55 11
53 26 35 61
26 34 35 47 49 70 61

53 58 59
5 8
38
6 10 25 24

56

12 55 1
27
26 34 35 47 49 59
